list(N1=2.10000E+01, N2=2.00000E+01, ns=1.00000E+01, no=2.00000E+00, nt.total=c(4.00000E+00, 4.00000E+00), nastudy=c(2.00000E+00, 2.00000E+00, 2.00000E+00, 2.00000E+00, 2.00000E+00, 2.00000E+00, 3.00000E+00, 2.00000E+00, 2.00000E+00, 2.00000E+00), studyid=c(1.00000E+00, 1.00000E+00, 2.00000E+00, 2.00000E+00, 3.00000E+00, 3.00000E+00, 4.00000E+00, 4.00000E+00, 5.00000E+00, 5.00000E+00, 6.00000E+00, 6.00000E+00, 7.00000E+00, 7.00000E+00, 7.00000E+00, 8.00000E+00, 8.00000E+00, 9.00000E+00, 9.00000E+00, 1.00000E+01, 1.00000E+01), study=c(1.00000E+00, 1.00000E+00, 2.00000E+00, 2.00000E+00, 3.00000E+00, 3.00000E+00, 4.00000E+00, 4.00000E+00, 5.00000E+00, 5.00000E+00, 6.00000E+00, 6.00000E+00, 7.00000E+00, 7.00000E+00, 7.00000E+00, 8.00000E+00, 8.00000E+00, 9.00000E+00, 9.00000E+00, 1.00000E+01, 1.00000E+01), arm=c(1.00000E+00, 2.00000E+00, 1.00000E+00, 2.00000E+00, 1.00000E+00, 2.00000E+00, 1.00000E+00, 2.00000E+00, 1.00000E+00, 2.00000E+00, 1.00000E+00, 2.00000E+00, 1.00000E+00, 2.00000E+00, 3.00000E+00, 1.00000E+00, 2.00000E+00, 1.00000E+00, 2.00000E+00, 1.00000E+00, 2.00000E+00), y= structure(.Data= c(-2.39500E+00, 1.03773E-01, -2.57825E+00, 4.68566E-02, -3.13811E+00, 1.50618E-01, -3.58823E+00, 3.27499E-01, -2.48740E+00, -1.73439E-02, -2.61352E+00, -4.47917E-02, -2.35992E+00, -1.53144E-01, -3.00978E+00, 1.38979E-01, -2.14218E+00, 1.96939E-01, -2.82367E+00, 1.75622E-01, -2.85085E+00, 1.91140E-01, -4.00779E+00, 3.75222E-01, -2.84402E+00, -1.14217E-02, -3.01921E+00, 6.88711E-02, -2.84732E+00, -7.50161E-02, -1.83658E+00, -1.97722E-01, -2.02921E+00, -1.65253E-01, -2.88701E+00, 1.61476E-01, -2.80077E+00, 3.00144E-01, -1.95308E+00, -1.27807E-01, -2.70893E+00, 2.42383E-01), .Dim=c(21, 2)), cov11=c(1.16907E-02, 1.56892E-02, 3.55625E-02, 6.27411E-02, 1.42175E-02, 8.32923E-03, 9.59264E-02, 8.68012E-02, 7.50280E-02, 1.05419E-01, 1.39218E-01, 3.94501E-01, 2.76891E-02, 3.83198E-02, 2.09369E-02, 9.09905E-03, 1.02791E-02, 3.52115E-02, 3.97687E-02, 5.55848E-02, 1.56744E-01), cov22=c(5.92500E-03, 3.51455E-03, 1.48935E-02, 1.41064E-02, 7.37230E-03, 5.62781E-03, 2.25486E-02, 2.89638E-02, 2.61253E-02, 1.84370E-02, 3.40917E-02, 5.97327E-02, 8.42911E-03, 1.14315E-02, 7.36687E-03, 1.76260E-03, 2.36011E-03, 9.40252E-03, 1.84208E-02, 1.64242E-02, 4.81938E-02), cov12=c(-4.02251E-03, -4.25682E-03, -1.52702E-02, -2.32968E-02, -6.75678E-03, -3.29069E-03, -2.18093E-02, -4.21769E-02, -3.11812E-02, -3.77652E-02, -5.63951E-02, -1.44572E-01, -9.36032E-03, -1.53403E-02, -5.86329E-03, -6.08601E-04, -1.84863E-03, -1.37432E-02, -2.25109E-02, -1.46991E-02, -6.62510E-02), studyid1=c(1.00000E+00, 1.00000E+00, 2.00000E+00, 2.00000E+00, 3.00000E+00, 3.00000E+00, 4.00000E+00, 4.00000E+00, 5.00000E+00, 5.00000E+00, 6.00000E+00, 6.00000E+00, 7.00000E+00, 7.00000E+00, 8.00000E+00, 8.00000E+00, 9.00000E+00, 9.00000E+00, 1.00000E+01, 1.00000E+01), s=c(1.00000E+00, 1.00000E+00, 2.00000E+00, 2.00000E+00, 3.00000E+00, 3.00000E+00, 4.00000E+00, 4.00000E+00, 5.00000E+00, 5.00000E+00, 6.00000E+00, 6.00000E+00, 7.00000E+00, 7.00000E+00, 8.00000E+00, 8.00000E+00, 9.00000E+00, 9.00000E+00, 1.00000E+01, 1.00000E+01), t= structure(.Data= c(1.00000E+00, 2.00000E+00,     NA, 1.00000E+00, 2.00000E+00,     NA, 1.00000E+00, 3.00000E+00,     NA, 1.00000E+00, 3.00000E+00,     NA, 1.00000E+00, 4.00000E+00,     NA, 1.00000E+00, 4.00000E+00,     NA, 1.00000E+00, 4.00000E+00,     NA, 1.00000E+00, 4.00000E+00,     NA, 1.00000E+00, 4.00000E+00,     NA, 1.00000E+00, 4.00000E+00,     NA, 1.00000E+00, 3.00000E+00,     NA, 1.00000E+00, 3.00000E+00,     NA, 1.00000E+00, 3.00000E+00, 4.00000E+00, 1.00000E+00, 3.00000E+00, 4.00000E+00, 1.00000E+00, 2.00000E+00,     NA, 1.00000E+00, 2.00000E+00,     NA, 1.00000E+00, 3.00000E+00,     NA, 1.00000E+00, 3.00000E+00,     NA, 1.00000E+00, 3.00000E+00,     NA, 1.00000E+00, 3.00000E+00,     NA), .Dim=c(20, 3)), o=c(1.00000E+00, 2.00000E+00, 1.00000E+00, 2.00000E+00, 1.00000E+00, 2.00000E+00, 1.00000E+00, 2.00000E+00, 1.00000E+00, 2.00000E+00, 1.00000E+00, 2.00000E+00, 1.00000E+00, 2.00000E+00, 1.00000E+00, 2.00000E+00, 1.00000E+00, 2.00000E+00, 1.00000E+00, 2.00000E+00), out=c(1.00000E+00, 2.00000E+00, 1.00000E+00, 2.00000E+00, 1.00000E+00, 2.00000E+00, 1.00000E+00, 2.00000E+00, 1.00000E+00, 2.00000E+00, 1.00000E+00, 2.00000E+00, 1.00000E+00, 2.00000E+00, 1.00000E+00, 2.00000E+00, 1.00000E+00, 2.00000E+00, 1.00000E+00, 2.00000E+00), na=c(2.00000E+00, 2.00000E+00, 2.00000E+00, 2.00000E+00, 2.00000E+00, 2.00000E+00, 2.00000E+00, 2.00000E+00, 2.00000E+00, 2.00000E+00, 2.00000E+00, 2.00000E+00, 3.00000E+00, 3.00000E+00, 2.00000E+00, 2.00000E+00, 2.00000E+00, 2.00000E+00, 2.00000E+00, 2.00000E+00))
